0%   0   0   0 
2%  35 30 30
4%  55 46 46
6%  68 55 55
8%  82 65 65
10% 92 73 73
12% 102 79 79
14% 109 83 83
16% 120 89 89
18% 128 94 94
20% 138 100 100
22% 151 105 105
24% 162 111 111
26% 175 117 117
28% 192 123 123
30% 201 123 123
32% 215 114 114
34% 219 106 106
36% 229 95 95
38% 236 81 81
40% 237 65 65
42% 240 37 37
44% 240 37 37
46% 247 4 32
48% 242 21 21
50% 247 4 4
52% 247 55 4
54% 247 83 4
56% 247 103 4
58% 247 123 4
60% 247 139 4
62% 247 143 4
64% 247 150 4 
66% 240 157 2
68% 240 172 2
70% 240 188 2
72% 233 183 4
74% 233 194 4
76% 233 201 4
78% 233 216 4
80% 233 227 4 
82% 223 217 3
84% 196 223 3
86% 178 223 3 
88% 159 212 0 
90% 150 201 0
92% 129 193 1
94% 92 193 1 
96% 62 165 0 
98% 40 144 0 
100% 19 114 0 
